[gd_scene load_steps=32 format=3 uid="uid://duxcp6ffyyhqv"]

[ext_resource type="ArrayMesh" uid="uid://bpdj20ygk4i0u" path="res://Assets/Player/Import/Meshes/character_joe_mitchel_CP_Arm_CPP_0003.res" id="1_fsle3"]
[ext_resource type="ArrayMesh" uid="uid://eg276wmq18iu" path="res://Assets/Player/Import/Meshes/character_joe_mitchel_CP_Dude_CPD_0003.res" id="2_l2gul"]
[ext_resource type="ArrayMesh" uid="uid://dy1g5i26b44ou" path="res://Assets/Player/Import/Meshes/character_joe_mitchel_CP_Glasses_CPP_0003.res" id="3_82g3d"]
[ext_resource type="ArrayMesh" uid="uid://c8gej6lvnhbie" path="res://Assets/Player/Import/Meshes/character_joe_mitchel_CP_Hat_CPP_0003.res" id="4_0syqh"]
[ext_resource type="ArrayMesh" uid="uid://d0m1aeqyfmxk1" path="res://Assets/Player/Import/Meshes/character_joe_mitchel_CP_Hood_CPP_0003.res" id="5_wfjvb"]
[ext_resource type="ArrayMesh" uid="uid://dhvs8w1gfthw2" path="res://Assets/Player/Import/Meshes/character_joe_mitchel_CP_Mask_CPD_0003.res" id="6_dxkjk"]
[ext_resource type="ArrayMesh" uid="uid://bgw2brv4vqwdm" path="res://Assets/Player/Import/Meshes/character_joe_mitchel_EyeLayer_EyeTransparent_0003.res" id="7_p2fd1"]

[sub_resource type="Skin" id="Skin_fcc5r"]
resource_name = "Skin"
bind_count = 78
bind/0/name = &"Hips"
bind/0/bone = -1
bind/0/pose = Transform3D(100, 0.0327969, 0.00101405, -0.032797, 100, 0.000205954, -0.00101398, -0.000206287, 100, -2.87869, -9394.45, -119.451)
bind/1/name = &"Spine"
bind/1/bone = -1
bind/1/pose = Transform3D(100, 7.60255e-07, 6.26127e-06, 2.69581e-09, 99.2688, -12.071, -6.30675e-06, 12.071, 99.2688, 0.567454, -10433.3, -1252.6)
bind/2/name = &"Spine1"
bind/2/bone = -1
bind/2/pose = Transform3D(100, 7.65263e-07, 6.26031e-06, -2.39121e-09, 99.2688, -12.071, -6.3064e-06, 12.071, 99.2688, 0.567453, -11742.3, -1252.6)
bind/3/name = &"Spine2"
bind/3/bone = -1
bind/3/pose = Transform3D(100, 7.65061e-07, 6.26034e-06, -2.18711e-09, 99.2688, -12.071, -6.30641e-06, 12.071, 99.2688, 0.567453, -13238.3, -1252.61)
bind/4/name = &"Neck"
bind/4/bone = -1
bind/4/pose = Transform3D(100, -5.80527e-09, 6.30675e-06, 7.4463e-09, 100, 1.4802e-05, -6.30644e-06, -1.62921e-05, 100, 0.567602, -14963.4, 557.711)
bind/5/name = &"Head"
bind/5/bone = -1
bind/5/pose = Transform3D(100, -2.88774e-09, 6.30675e-06, 4.52876e-09, 100, 1.4802e-05, -6.30644e-06, -1.62921e-05, 100, 0.567611, -15948.8, 268.719)
bind/6/name = &"HeadTop_End"
bind/6/bone = -1
bind/6/pose = Transform3D(100, -2.88774e-09, 6.30675e-06, 4.52895e-09, 100, 1.1846e-05, -6.30644e-06, -1.33361e-05, 100, 0.56748, -17930.1, -312.38)
bind/7/name = &"HeadTop_End_end"
bind/7/bone = -1
bind/7/pose = Transform3D(100, -2.88773e-09, 6.30675e-06, 4.52876e-09, 100, 1.4802e-05, -6.30644e-06, -1.62921e-05, 100, 0.56748, -19994.9, -312.379)
bind/8/name = &"LeftShoulder"
bind/8/bone = -1
bind/8/pose = Transform3D(-5.35456, -13.5684, -98.9304, 97.9387, -20.0372, -2.55276, -19.4765, -97.0279, 14.3616, 1455.4, 2333.45, 14440)
bind/9/name = &"LeftArm"
bind/9/bone = -1
bind/9/pose = Transform3D(-1.61474e-06, -3.56517, -99.9364, 100, -0.000184524, 1.03105e-05, -0.000186325, -99.9365, 3.56518, -93.5975, -1887.46, 14426)
bind/10/name = &"LeftForeArm"
bind/10/bone = -1
bind/10/pose = Transform3D(3.30658e-05, -3.58152, -99.9359, 100, -0.00014225, 4.35287e-05, -0.000145268, -99.9359, 3.58153, -91.2393, -4528.71, 14426)
bind/11/name = &"LeftHand"
bind/11/bone = -1
bind/11/pose = Transform3D(-5.8239, 0.732569, -99.8276, 99.8302, 0.179481, -5.82273, 0.136514, -99.9972, -0.741772, -290.647, -7290.56, 14398.7)
bind/12/name = &"LeftHandThumb1"
bind/12/bone = -1
bind/12/pose = Transform3D(47.5258, 2.26205, -87.9555, 79.1883, -44.6694, 41.6397, -38.3473, -89.4401, -23.0208, -4273.4, 512.624, 15583.5)
bind/13/name = &"LeftHandThumb2"
bind/13/bone = -1
bind/13/pose = Transform3D(39.6954, 4.6765, -91.6646, 82.991, -44.4842, 33.6698, -39.2017, -89.4388, -21.5392, -3992.58, -189.765, 15653.9)
bind/14/name = &"LeftHandThumb3"
bind/14/bone = -1
bind/14/pose = Transform3D(60.9792, -7.91996, -78.8594, 68.835, -44.0262, 57.6493, -39.2846, -89.4369, -21.3951, -3927.95, 509.593, 15660.5)
bind/15/name = &"LeftHandThumb4"
bind/15/bone = -1
bind/15/pose = Transform3D(60.9792, -7.92015, -78.8594, 68.8349, -44.0262, 57.6494, -39.2847, -89.437, -21.395, -3991.21, 106.514, 15660.6)
bind/16/name = &"LeftHandThumb4_end"
bind/16/bone = -1
bind/16/pose = Transform3D(60.9792, -7.92007, -78.8594, 68.835, -44.0262, 57.6493, -39.2847, -89.4369, -21.395, -3991.22, -301.502, 15660.5)
bind/17/name = &"LeftHandIndex1"
bind/17/bone = -1
bind/17/pose = Transform3D(0.0911372, 0.746306, -99.9972, 100, -0.00127812, 0.0911352, -0.00059972, -99.9972, -0.746301, -448.992, -8425.21, 14396.3)
bind/18/name = &"LeftHandIndex2"
bind/18/bone = -1
bind/18/pose = Transform3D(-0.110164, 0.745966, -99.9972, 100, 0.000710208, -0.110156, -0.000113329, -99.9972, -0.74596, -431.645, -8731.38, 14396.3)
bind/19/name = &"LeftHandIndex3"
bind/19/bone = -1
bind/19/pose = Transform3D(0.0102752, 0.747408, -99.9972, 100, 1.74856e-06, 0.0102805, 7.67979e-05, -99.9972, -0.747402, -442.397, -9006.57, 14396.2)
bind/20/name = &"LeftHandIndex4"
bind/20/bone = -1
bind/20/pose = Transform3D(0.0102752, 0.747408, -99.9972, 100, 1.74851e-06, 0.0102805, 7.67978e-05, -99.9972, -0.747402, -442.422, -9255.16, 14396.2)
bind/21/name = &"LeftHandIndex4_end"
bind/21/bone = -1
bind/21/pose = Transform3D(0.0102998, 0.747456, -99.9972, 100, 1.74849e-06, 0.0103051, 7.69863e-05, -99.9972, -0.74745, -442.431, -9503.74, 14396.2)
bind/22/name = &"LeftHandMiddle1"
bind/22/bone = -1
bind/22/pose = Transform3D(0.351297, 0.604446, -99.9976, 99.9994, -0.0026286, 0.351293, -0.000506936, -99.9982, -0.604446, -724.484, -8402.78, 14409.6)
bind/23/name = &"LeftHandMiddle2"
bind/23/bone = -1
bind/23/pose = Transform3D(-0.0180773, 0.622514, -99.9981, 100, 0.00059252, -0.0180686, 0.000478253, -99.9981, -0.622508, -695.984, -8739.7, 14409.4)
bind/24/name = &"LeftHandMiddle3"
bind/24/bone = -1
bind/24/pose = Transform3D(-0.376072, 0.601572, -99.9975, 99.9993, 0.00197972, -0.376062, -0.000284391, -99.9982, -0.601569, -660.431, -9072.61, 14409.6)
bind/25/name = &"LeftHandMiddle4"
bind/25/bone = -1
bind/25/pose = Transform3D(-0.376072, 0.601572, -99.9975, 99.9993, 0.00197972, -0.376062, -0.00028439, -99.9982, -0.601569, -659.318, -9368.85, 14409.6)
bind/26/name = &"LeftHandMiddle4_end"
bind/26/bone = -1
bind/26/pose = Transform3D(-0.376031, 0.601721, -99.9975, 99.9993, 0.00197972, -0.376021, -0.000284701, -99.9982, -0.601718, -659.343, -9665.1, 14409.6)
bind/27/name = &"LeftHandRing1"
bind/27/bone = -1
bind/27/pose = Transform3D(0.0731984, 0.804735, -99.9967, 100, -0.000631161, 0.0732002, -4.38684e-05, -99.9968, -0.804729, -915.219, -8424.31, 14431)
bind/28/name = &"LeftHandRing2"
bind/28/bone = -1
bind/28/pose = Transform3D(-0.213167, 0.798671, -99.9966, 99.9998, 0.00100376, -0.213161, -0.000700525, -99.9968, -0.798665, -889.559, -8735.33, 14431.2)
bind/29/name = &"LeftHandRing3"
bind/29/bone = -1
bind/29/pose = Transform3D(0.160793, 0.801882, -99.9967, 99.9999, -0.00157897, 0.16079, -0.000291361, -99.9968, -0.801877, -923.153, -9024.41, 14431.1)
bind/30/name = &"LeftHandRing4"
bind/30/bone = -1
bind/30/pose = Transform3D(0.16082, 0.80198, -99.9967, 99.9999, -0.00157898, 0.160817, -0.000291009, -99.9968, -0.801975, -923.567, -9271.53, 14431.1)
bind/31/name = &"LeftHandRing4_end"
bind/31/bone = -1
bind/31/pose = Transform3D(0.16082, 0.801908, -99.9967, 99.9999, -0.00157898, 0.160817, -0.000291124, -99.9968, -0.801904, -923.557, -9518.65, 14431.1)
bind/32/name = &"LeftHandPinky1"
bind/32/bone = -1
bind/32/pose = Transform3D(0.470595, 1.05405, -99.9934, 99.9989, -0.00511386, 0.470573, -0.000155247, -99.9945, -1.05406, -1158.07, -8338.2, 14376.5)
bind/33/name = &"LeftHandPinky2"
bind/33/bone = -1
bind/33/pose = Transform3D(-0.249435, 1.07501, -99.9939, 99.9997, 0.00223525, -0.249419, -0.000447985, -99.9942, -1.07501, -1100.3, -8632.66, 14376.3)
bind/34/name = &"LeftHandPinky3"
bind/34/bone = -1
bind/34/pose = Transform3D(-0.292483, 1.07423, -99.9938, 99.9996, 0.00288658, -0.292463, -0.000257136, -99.9943, -1.07423, -1095.7, -8895.51, 14376.3)
bind/35/name = &"LeftHandPinky4"
bind/35/bone = -1
bind/35/pose = Transform3D(-0.292485, 1.07411, -99.9938, 99.9996, 0.00288661, -0.292466, -0.000256781, -99.9943, -1.07411, -1094.99, -9132.47, 14376.3)
bind/36/name = &"LeftHandPinky4_end"
bind/36/bone = -1
bind/36/pose = Transform3D(-0.292485, 1.07411, -99.9938, 99.9996, 0.00288661, -0.292466, -0.000256781, -99.9943, -1.07411, -1094.99, -9369.44, 14376.3)
bind/37/name = &"RightShoulder"
bind/37/bone = -1
bind/37/pose = Transform3D(0.018418, 12.5511, 99.2092, -97.9395, -20.0334, 2.55265, 20.1954, -97.1655, 12.2888, -1305.17, 2360.26, 14448.8)
bind/38/name = &"RightArm"
bind/38/bone = -1
bind/38/pose = Transform3D(-0.000648021, -4.86107, 99.8818, -100, 0.00358713, -0.000473269, -0.00355942, -99.8818, -4.86107, 1207.61, -1889.15, 14371.8)
bind/39/name = &"RightForeArm"
bind/39/bone = -1
bind/39/pose = Transform3D(-0.000620182, -4.53314, 99.8972, -100, 0.00357793, -0.00045752, -0.00355304, -99.8972, -4.53313, 1160.42, -4530.33, 14375.7)
bind/40/name = &"RightHand"
bind/40/bone = -1
bind/40/pose = Transform3D(-7.76276, 1.14892, 99.6916, -99.6805, -1.97451, -7.73914, 1.8795, -99.9739, 1.29852, -220.998, -6963.83, 14552.5)
bind/41/name = &"RightHandThumb1"
bind/41/bone = -1
bind/41/pose = Transform3D(40.9084, 0.238998, 91.2494, -81.4798, -44.9231, 36.6463, 41.0797, -89.3412, -18.1826, 3331.03, 298.847, 15786.3)
bind/42/name = &"RightHandThumb2"
bind/42/bone = -1
bind/42/pose = Transform3D(41.5044, 1.70155, 90.9642, -80.9305, -44.9871, 37.7678, 41.5648, -89.2932, -17.2945, 3137.99, -25.0341, 15818.8)
bind/43/name = &"RightHandThumb3"
bind/43/bone = -1
bind/43/pose = Transform3D(61.6861, 14.0271, 77.4471, -66.7527, -42.8092, 60.9216, 41.7, -89.2783, -17.0439, 3057.64, 442.253, 15827.7)
bind/44/name = &"RightHandThumb4"
bind/44/bone = -1
bind/44/pose = Transform3D(61.6862, 14.0272, 77.447, -66.7526, -42.8092, 60.9218, 41.7001, -89.2783, -17.0439, 3121.22, 121.097, 15827.7)
bind/45/name = &"RightHandThumb4_end"
bind/45/bone = -1
bind/45/pose = Transform3D(61.6862, 14.0272, 77.447, -66.7526, -42.8092, 60.9218, 41.7001, -89.2783, -17.0439, 3121.22, -206.303, 15827.7)
bind/46/name = &"RightHandIndex1"
bind/46/bone = -1
bind/46/pose = Transform3D(1.54194, 0.571418, 99.9865, -99.9881, 0.012261, 1.5419, -0.00344806, -99.9984, 0.571542, 311.978, -8370.32, 14401.8)
bind/47/name = &"RightHandIndex2"
bind/47/bone = -1
bind/47/pose = Transform3D(-0.668094, 0.443807, 99.9968, -99.9978, 0.000758306, -0.668103, -0.00372274, -99.999, 0.443795, 143.461, -8654.1, 14401.5)
bind/48/name = &"RightHandIndex3"
bind/48/bone = -1
bind/48/pose = Transform3D(-1.14848, 0.501896, 99.9921, -99.9934, -0.00217394, -1.14848, -0.00358979, -99.9987, 0.501891, 90.5583, -8912.38, 14401.6)
bind/49/name = &"RightHandIndex4"
bind/49/bone = -1
bind/49/pose = Transform3D(-1.1485, 0.502038, 99.9921, -99.9934, -0.00217393, -1.14851, -0.00359154, -99.9987, 0.502032, 87.9582, -9136.89, 14401.6)
bind/50/name = &"RightHandIndex4_end"
bind/50/bone = -1
bind/50/pose = Transform3D(-1.14852, 0.502087, 99.9921, -99.9934, -0.00217393, -1.14852, -0.00359217, -99.9987, 0.502082, 87.9498, -9361.41, 14401.6)
bind/51/name = &"RightHandMiddle1"
bind/51/bone = -1
bind/51/pose = Transform3D(1.57521, 1.25511, 99.9797, -99.9876, 0.023296, 1.57504, -0.00352245, -99.9921, 1.25532, 458.554, -8372.14, 14418.7)
bind/52/name = &"RightHandMiddle2"
bind/52/bone = -1
bind/52/pose = Transform3D(-0.517915, 0.985265, 99.9938, -99.9987, -0.00134244, -0.517926, -0.00376021, -99.9951, 0.985261, 320.404, -8719.69, 14417.8)
bind/53/name = &"RightHandMiddle3"
bind/53/bone = -1
bind/53/pose = Transform3D(-1.46695, 1.21798, 99.9818, -99.9892, -0.0141512, -1.46689, -0.00371735, -99.9926, 1.21806, 199.804, -9012.68, 14418.6)
bind/54/name = &"RightHandMiddle4"
bind/54/bone = -1
bind/54/pose = Transform3D(-1.46696, 1.21799, 99.9818, -99.9892, -0.0141513, -1.4669, -0.00371754, -99.9926, 1.21807, 195.956, -9274.88, 14418.6)
bind/55/name = &"RightHandMiddle4_end"
bind/55/bone = -1
bind/55/pose = Transform3D(-1.46697, 1.21807, 99.9818, -99.9892, -0.0141513, -1.46691, -0.0037189, -99.9926, 1.21815, 195.943, -9537.1, 14418.6)
bind/56/name = &"RightHandRing1"
bind/56/bone = -1
bind/56/pose = Transform3D(0.206819, 1.5859, 99.9872, -99.9998, 0.00725992, 0.206729, -0.00398016, -99.9874, 1.58592, 483.846, -8356.66, 14406.4)
bind/57/name = &"RightHandRing2"
bind/57/bone = -1
bind/57/pose = Transform3D(-0.0568218, 1.5581, 99.9879, -100, 0.0028219, -0.0568734, -0.00370739, -99.9879, 1.5581, 465.653, -8653.82, 14406.3)
bind/58/name = &"RightHandRing3"
bind/58/bone = -1
bind/58/pose = Transform3D(-0.18457, 1.58055, 99.9874, -99.9998, 0.00117997, -0.184613, -0.0040974, -99.9875, 1.58055, 450.854, -8931.34, 14406.4)
bind/59/name = &"RightHandRing4"
bind/59/bone = -1
bind/59/pose = Transform3D(-0.184553, 1.58041, 99.9874, -99.9998, 0.000786759, -0.184589, -0.0037036, -99.9875, 1.58041, 450.418, -9179.64, 14406.4)
bind/60/name = &"RightHandRing4_end"
bind/60/bone = -1
bind/60/pose = Transform3D(-0.184577, 1.58035, 99.9874, -99.9998, 0.000786758, -0.184613, -0.00370388, -99.9875, 1.58035, 450.425, -9428, 14406.4)
bind/61/name = &"RightHandPinky1"
bind/61/bone = -1
bind/61/pose = Transform3D(-0.264661, 2.64442, 99.9647, -99.9996, -0.00379779, -0.264652, -0.00320144, -99.965, 2.64443, 504.012, -8252.31, 14425.2)
bind/62/name = &"RightHandPinky2"
bind/62/bone = -1
bind/62/pose = Transform3D(0.0214787, 2.668, 99.9644, -100, 0.00418832, 0.0213752, -0.00361591, -99.9644, 2.668, 524.277, -8508.02, 14425.3)
bind/63/name = &"RightHandPinky3"
bind/63/bone = -1
bind/63/pose = Transform3D(0.346802, 2.62723, 99.9649, -99.9994, 0.0122696, 0.3466, -0.00315867, -99.9655, 2.62726, 558.56, -8716.06, 14425.1)
bind/64/name = &"RightHandPinky4"
bind/64/bone = -1
bind/64/pose = Transform3D(0.346808, 2.62712, 99.9649, -99.9994, 0.0122698, 0.346606, -0.00315911, -99.9655, 2.62715, 559.211, -8899.12, 14425.1)
bind/65/name = &"RightHandPinky4_end"
bind/65/bone = -1
bind/65/pose = Transform3D(0.346808, 2.62715, 99.9649, -99.9994, 0.0122698, 0.346606, -0.00315899, -99.9655, 2.62718, 559.206, -9082.19, 14425.1)
bind/66/name = &"LeftUpLeg"
bind/66/bone = -1
bind/66/pose = Transform3D(-100.08, -1.94784, -0.433734, 1.95159, -99.9777, -0.804711, -0.333273, -0.812461, 100.014, 1073.9, 8761.34, 83.1463)
bind/67/name = &"LeftLeg"
bind/67/bone = -1
bind/67/pose = Transform3D(-100.072, 2.35896, -0.305219, -2.34536, -99.8015, -5.84921, -0.358114, -5.83896, 99.8464, 877.242, 4576.96, 312.801)
bind/68/name = &"LeftFoot"
bind/68/bone = -1
bind/68/pose = Transform3D(-99.7599, -6.33141, 5.1868, 7.93045, -56.1433, 82.3934, -2.25771, 82.5096, 56.4627, 979.493, 723.817, -707.251)
bind/69/name = &"LeftToeBase"
bind/69/bone = -1
bind/69/pose = Transform3D(-99.3813, 2.97121, 11.5049, 11.6724, 2.43465, 99.3158, 2.67157, 99.9262, -2.76146, 893.73, -1408.09, 7.67251)
bind/70/name = &"LeftToe_End"
bind/70/bone = -1
bind/70/pose = Transform3D(-99.3808, 2.99082, 11.5044, 11.6724, 2.43467, 99.3158, 2.69107, 99.9256, -2.76374, 893.731, -2149.18, 7.49777)
bind/71/name = &"LeftToe_End_end"
bind/71/bone = -1
bind/71/pose = Transform3D(-99.3808, 2.99085, 11.5043, 11.6724, 2.43467, 99.3158, 2.69111, 99.9256, -2.76374, 893.732, -2890.28, 7.49739)
bind/72/name = &"RightUpLeg"
bind/72/bone = -1
bind/72/pose = Transform3D(-99.9789, 1.94158, 0.449461, -1.9507, -99.9583, -2.1284, 0.410545, -2.13671, 99.9749, -1072.45, 8759.06, 194.199)
bind/73/name = &"RightLeg"
bind/73/bone = -1
bind/73/pose = Transform3D(-99.9707, -2.35113, 0.298155, 2.33555, -99.8745, -4.42979, 0.404527, -4.42158, 99.9, -876.432, 4580.73, 298.433)
bind/74/name = &"RightFoot"
bind/74/bone = -1
bind/74/pose = Transform3D(-99.6556, 6.34216, -5.32147, -7.99853, -57.2531, 81.5958, 2.12968, 81.7427, 57.5632, -979.011, 732.935, -697.685)
bind/75/name = &"RightToeBase"
bind/75/bone = -1
bind/75/pose = Transform3D(-99.3062, -2.49023, -11.4843, -11.5419, 2.42639, 99.3003, -2.19429, 99.9396, -2.69695, -898.258, -1363.07, 10.6167)
bind/76/name = &"RightToe_End"
bind/76/bone = -1
bind/76/pose = Transform3D(-99.3063, -2.49, -11.4843, -11.5419, 2.42621, 99.3003, -2.19409, 99.9396, -2.69675, -898.258, -2105.53, 10.615)
bind/77/name = &"RightToe_End_end"
bind/77/bone = -1
bind/77/pose = Transform3D(-99.3063, -2.49, -11.4843, -11.5419, 2.42621, 99.3003, -2.19409, 99.9396, -2.69675, -898.258, -2847.99, 10.615)

[sub_resource type="Animation" id="Animation_ub8vv"]
resource_name = "fly"
length = 1.03333

[sub_resource type="Animation" id="Animation_3gxqx"]
resource_name = "idle_1"
length = 17.1667

[sub_resource type="Animation" id="Animation_gg006"]
resource_name = "idle_2"
length = 4.23333

[sub_resource type="Animation" id="Animation_6nf6b"]
resource_name = "idle_aim"
length = 4.23333

[sub_resource type="Animation" id="Animation_qucad"]
resource_name = "idle_down"
length = 0.0333333

[sub_resource type="Animation" id="Animation_to4f3"]
resource_name = "idle_up"
length = 0.0333333

[sub_resource type="Animation" id="Animation_x6v8g"]
resource_name = "jump_down"
length = 0.7

[sub_resource type="Animation" id="Animation_ontg3"]
resource_name = "jump_up"
length = 0.566667

[sub_resource type="Animation" id="Animation_0fp0s"]
resource_name = "just_walk"
length = 2.63333

[sub_resource type="Animation" id="Animation_7hql6"]
resource_name = "just_walk_backward"
length = 2.56667

[sub_resource type="Animation" id="Animation_djm6p"]
resource_name = "strafe_back"
length = 2.83333

[sub_resource type="Animation" id="Animation_fxvk0"]
resource_name = "strafe_left"
length = 2.86667

[sub_resource type="Animation" id="Animation_g32j7"]
resource_name = "strafe_right"
length = 2.9

[sub_resource type="Animation" id="Animation_dcbnm"]
resource_name = "strafe_up"
length = 2.76667

[sub_resource type="Animation" id="Animation_d1duy"]
resource_name = "walk_backward"
length = 4.03333

[sub_resource type="Animation" id="Animation_02m4v"]
resource_name = "walk_backward_left"
length = 4.03333

[sub_resource type="Animation" id="Animation_r2bb1"]
resource_name = "walk_backward_right"
length = 4.03333

[sub_resource type="Animation" id="Animation_pfnvo"]
resource_name = "walk_backward_stop"
length = 2.56667

[sub_resource type="Animation" id="Animation_ksjvq"]
resource_name = "walk_forward"
length = 4.03333

[sub_resource type="Animation" id="Animation_bvatf"]
resource_name = "walk_forward_left"
length = 2.03333

[sub_resource type="Animation" id="Animation_hs4ys"]
resource_name = "walk_forward_right"
length = 2.03333

[sub_resource type="Animation" id="Animation_lt024"]
resource_name = "walk_left"
length = 4.03333

[sub_resource type="Animation" id="Animation_yvox4"]
resource_name = "walk_right"
length = 4.03333

[node name="Node3D" type="Node3D"]

[node name="character_joe_mitchel" type="Node3D" parent="."]

[node name="Armature" type="Node3D" parent="character_joe_mitchel"]
transform = Transform3D(0.01, 0, 0, 0, -1.19209e-09, -0.01, 0, 0.01, -1.19209e-09, 0, 0, 0)

[node name="Skeleton3D" type="Skeleton3D" parent="character_joe_mitchel/Armature"]
bones/0/name = "Hips"
bones/0/parent = -1
bones/0/rest = Transform3D(1, -0.000327969, -1.01398e-05, 1.01405e-05, 2.08616e-06, 1, -0.000327969, -1, 2.08616e-06, -0.203613, 119.468, -9394.45)
bones/0/enabled = true
bones/0/position = Vector3(-0.203613, 119.468, -9394.45)
bones/0/rotation = Quaternion(-0.707106, 0.00011237, 0.00011954, 0.707107)
bones/0/scale = Vector3(1, 1, 1)
bones/1/name = "Spine"
bones/1/parent = 0
bones/1/rest = Transform3D(1, 0.000324347, 4.95925e-05, -0.000327962, 0.992687, 0.120712, -1.00772e-05, -0.120712, 0.992687, -4.0662e-06, 1113.79, -135.436)
bones/1/enabled = true
bones/1/position = Vector3(-4.0662e-06, 1113.79, -135.436)
bones/1/rotation = Quaternion(-0.0604668, 1.49448e-05, -0.000163376, 0.99817)
bones/1/scale = Vector3(1, 1, 1)
bones/2/name = "Spine1"
bones/2/parent = 1
bones/2/rest = Transform3D(1, -5.08713e-11, 3.48596e-12, 5.08713e-11, 1, 2.98023e-08, -3.48596e-12, -2.98023e-08, 1, 1.85264e-08, 1308.99, 0.000152624)
bones/2/enabled = true
bones/2/position = Vector3(1.85264e-08, 1308.99, 0.000152624)
bones/2/rotation = Quaternion(-1.49012e-08, 1.74298e-12, 2.54357e-11, 1)
bones/2/scale = Vector3(1, 1, 1)
bones/3/name = "Spine2"
bones/3/parent = 2
bones/3/rest = Transform3D(1, 2.03797e-12, -2.0206e-14, -2.03797e-12, 1, 2.98023e-08, 2.02061e-14, -2.98023e-08, 1, 7.50806e-08, 1495.99, 0.000122106)
bones/3/enabled = true
bones/3/position = Vector3(7.50806e-08, 1495.99, 0.000122106)
bones/3/rotation = Quaternion(-1.49012e-08, -1.0103e-14, -1.01899e-12, 1)
bones/3/scale = Vector3(1, 1, 1)
bones/4/name = "Neck"
bones/4/parent = 3
bones/4/rest = Transform3D(1, 7.70866e-09, -4.64145e-10, -7.70832e-09, 0.992688, -0.12071, -4.69765e-10, 0.12071, 0.992688, -3.279e-05, 1682.99, 6.10709e-05)
bones/4/enabled = true
bones/4/position = Vector3(-3.279e-05, 1682.99, 6.10709e-05)
bones/4/rotation = Quaternion(0.0604658, 1.4077e-12, -3.86131e-09, 0.99817)
bones/4/scale = Vector3(1, 1, 1)
bones/5/name = "Head"
bones/5/parent = 4
bones/5/rest = Transform3D(1, -2.91753e-11, -4.3245e-19, 2.91753e-11, 1, -2.3481e-18, 4.3245e-19, 2.3481e-18, 1, -9.76692e-06, 985.362, 288.991)
bones/5/enabled = true
bones/5/position = Vector3(-9.76692e-06, 985.362, 288.991)
bones/5/rotation = Quaternion(1.17405e-18, -2.16225e-19, 1.45877e-11, 1)
bones/5/scale = Vector3(1, 1, 1)
bones/6/name = "HeadTop_End"
bones/6/parent = 5
bones/6/rest = Transform3D(1, 6.16481e-19, -6.41733e-19, -6.16481e-19, 1, 2.95599e-08, 6.41733e-19, -2.95599e-08, 1, 0.000131121, 1981.34, 581.098)
bones/6/enabled = true
bones/6/position = Vector3(0.000131121, 1981.34, 581.098)
bones/6/rotation = Quaternion(-1.47799e-08, -3.20867e-19, -3.08241e-19, 1)
bones/6/scale = Vector3(1, 1, 1)
bones/7/name = "HeadTop_End_end"
bones/7/parent = 6
bones/7/rest = Transform3D(1, -5.89259e-17, 4.54262e-19, 5.89259e-17, 1, -2.95599e-08, -4.5426e-19, 2.95599e-08, 1, -9.31919e-09, 2064.8, 1.12483e-05)
bones/7/enabled = true
bones/7/position = Vector3(-9.31919e-09, 2064.8, 1.12483e-05)
bones/7/rotation = Quaternion(1.47799e-08, 2.27131e-19, 2.9463e-17, 1)
bones/7/scale = Vector3(1, 1, 1)
bones/8/name = "LeftShoulder"
bones/8/parent = 3
bones/8/rest = Transform3D(-0.0535457, 0.979387, -0.194765, -0.0152726, -0.195825, -0.98052, -0.998449, -0.0495279, 0.0254433, 605.563, 1399.61, -51.2962)
bones/8/enabled = true
bones/8/position = Vector3(605.563, 1399.61, -51.2962)
bones/8/rotation = Quaternion(0.528402, 0.456146, -0.564538, 0.440475)
bones/8/scale = Vector3(1, 1, 1)
bones/9/name = "LeftArm"
bones/9/parent = 8
bones/9/rest = Transform3D(0.993513, -0.0535454, 0.100327, 0.032655, 0.979388, 0.199332, -0.108933, -0.194763, 0.974782, 6.05897e-05, 1309.49, 5.35553e-05)
bones/9/enabled = true
bones/9/position = Vector3(6.05897e-05, 1309.49, 5.35553e-05)
bones/9/rotation = Quaternion(-0.0991746, 0.0526605, 0.0216924, 0.993439)
bones/9/scale = Vector3(1, 1, 1)
bones/10/name = "LeftForeArm"
bones/10/parent = 9
bones/10/rest = Transform3D(1, -3.47043e-07, -0.000163579, 3.4711e-07, 1, 4.10574e-07, 0.000163579, -4.10631e-07, 1, 0.000125237, 2641.25, 9.72226e-05)
bones/10/enabled = true
bones/10/position = Vector3(0.000125237, 2641.25, 9.72226e-05)
bones/10/rotation = Quaternion(-2.05301e-07, -8.17897e-05, 1.73538e-07, 1)
bones/10/scale = Vector3(1, 1, 1)
bones/11/name = "LeftHand"
bones/11/parent = 10
bones/11/rest = Transform3D(0.997373, 0.058126, 0.0432272, -0.0582394, 0.998302, 0.00136658, -0.0430744, -0.00388051, 0.999064, -0.000222231, 2712.86, -0.000719017)
bones/11/enabled = true
bones/11/position = Vector3(-0.000222231, 2712.86, -0.000719017)
bones/11/rotation = Quaternion(-0.00131264, 0.0215896, -0.0291105, 0.999342)
bones/11/scale = Vector3(1, 1, 1)
bones/12/name = "LeftHandThumb1"
bones/12/parent = 11
bones/12/rest = Transform3D(0.850526, -0.46507, 0.245592, 0.525706, 0.76549, -0.371023, -0.0154467, 0.444674, 0.895559, -244.783, 345.42, 148.806)
bones/12/enabled = true
bones/12/position = Vector3(-244.783, 345.42, 148.806)
bones/12/rotation = Quaternion(0.217645, 0.0696505, 0.264359, 0.93696)
bones/12/scale = Vector3(1, 1, 1)
bones/13/name = "LeftHandThumb2"
bones/13/parent = 12
bones/13/rest = Transform3D(0.995955, 0.0882146, -0.0170912, -0.0882377, 0.996099, -0.000602006, 0.0169714, 0.00210766, 0.999854, -12.6841, 358.776, 0.000935005)
bones/13/enabled = true
bones/13/position = Vector3(-12.6841, 358.776, 0.000935005)
bones/13/rotation = Quaternion(0.000678103, -0.00852429, -0.0441578, 0.998988)
bones/13/scale = Vector3(1, 1, 1)
bones/14/name = "LeftHandThumb3"
bones/14/parent = 13
bones/14/rest = Transform3D(0.961218, -0.275786, -0.00164933, 0.275786, 0.961219, -0.000211148, 0.0016436, -0.000251903, 0.999999, -50.5972, 406.985, 0.00237844)
bones/14/enabled = true
bones/14/position = Vector3(-50.5972, 406.985, 0.00237844)
bones/14/rotation = Quaternion(-1.0289e-05, -0.000831334, 0.13925, 0.990257)
bones/14/scale = Vector3(1, 1, 1)
bones/15/name = "LeftHandThumb4"
bones/15/parent = 14
bones/15/rest = Transform3D(1, -1.04308e-06, -1.60187e-06, 1.04308e-06, 1, 2.79396e-07, 1.60187e-06, -2.79398e-07, 1, 63.2802, 403.079, -0.00196457)
bones/15/enabled = true
bones/15/position = Vector3(63.2802, 403.079, -0.00196457)
bones/15/rotation = Quaternion(-1.39698e-07, -8.00937e-07, 5.21541e-07, 1)
bones/15/scale = Vector3(1, 1, 1)
bones/16/name = "LeftHandThumb4_end"
bones/16/parent = 15
bones/16/rest = Transform3D(1, 7.52509e-07, 5.02914e-07, -7.52509e-07, 1, -2.19792e-07, -5.02914e-07, 2.19792e-07, 1, 0.000122071, 408.017, 0.00114441)
bones/16/enabled = true
bones/16/position = Vector3(0.000122071, 408.017, 0.00114441)
bones/16/rotation = Quaternion(1.09896e-07, 2.51457e-07, -3.76254e-07, 1)
bones/16/scale = Vector3(1, 1, 1)
bones/17/name = "LeftHandIndex1"
bones/17/parent = 11
bones/17/rest = Transform3D(0.998249, -0.0591488, 0.000125068, 0.0591489, 0.998248, -0.00136617, -4.40413e-05, 0.00137118, 0.999999, -342.583, 1166.12, 13.9465)
bones/17/enabled = true
bones/17/position = Vector3(-342.583, 1166.12, 13.9465)
bones/17/rotation = Quaternion(0.000684637, 4.22958e-05, 0.0295874, 0.999562)
bones/17/scale = Vector3(1, 1, 1)
bones/18/name = "LeftHandIndex2"
bones/18/parent = 17
bones/18/rest = Transform3D(0.999998, 0.00201301, -3.40476e-06, -0.00201301, 0.999998, 4.86702e-06, 3.41455e-06, -4.86016e-06, 1, 0.278058, 305.209, -0.000245863)
bones/18/enabled = true
bones/18/position = Vector3(0.278058, 305.209, -0.000245863)
bones/18/rotation = Quaternion(-2.4318e-06, -1.70483e-06, -0.0010065, 1)
bones/18/scale = Vector3(1, 1, 1)
bones/19/name = "LeftHandIndex3"
bones/19/parent = 18
bones/19/rest = Transform3D(0.999999, -0.00120439, 1.44147e-05, 0.00120439, 0.999999, 1.91715e-06, -1.4417e-05, -1.89978e-06, 1, -0.303925, 275.696, 0.00268254)
bones/19/enabled = true
bones/19/position = Vector3(-0.303925, 275.696, 0.00268254)
bones/19/rotation = Quaternion(-9.54233e-07, 7.2079e-06, 0.000602194, 1)
bones/19/scale = Vector3(1, 1, 1)
bones/20/name = "LeftHandIndex4"
bones/20/parent = 19
bones/20/rest = Transform3D(1, -2.90249e-11, 8.99482e-13, 2.90249e-11, 1, -2.41894e-13, -8.99482e-13, 2.41894e-13, 1, 0.0254098, 248.582, 0.00234824)
bones/20/enabled = true
bones/20/position = Vector3(0.0254098, 248.582, 0.00234824)
bones/20/rotation = Quaternion(1.20947e-13, 4.49741e-13, 1.45125e-11, 1)
bones/20/scale = Vector3(1, 1, 1)
bones/21/name = "LeftHandIndex4_end"
bones/21/parent = 20
bones/21/rest = Transform3D(1, -2.45542e-07, 4.83823e-07, 2.45542e-07, 1, 1.83528e-09, -4.83823e-07, -1.83516e-09, 1, 1.8657e-05, 248.582, 0.00234841)
bones/21/enabled = true
bones/21/position = Vector3(1.8657e-05, 248.582, 0.00234841)
bones/21/rotation = Quaternion(-9.17609e-10, 2.41911e-07, 1.22771e-07, 1)
bones/21/scale = Vector3(1, 1, 1)
bones/22/name = "LeftHandMiddle1"
bones/22/parent = 11
bones/22/rest = Transform3D(0.998091, -0.0617457, -0.00129117, 0.0617438, 0.998091, -0.00144786, 0.0013781, 0.00136537, 0.999998, -67.7763, 1161.78, 1.58871)
bones/22/enabled = true
bones/22/position = Vector3(-67.7763, 1161.78, 1.58871)
bones/22/rotation = Quaternion(0.000703645, -0.000667636, 0.0308871, 0.999522)
bones/22/scale = Vector3(1, 1, 1)
bones/23/name = "LeftHandMiddle2"
bones/23/parent = 22
bones/23/rest = Transform3D(0.999993, 0.00369374, 0.00018066, -0.00369374, 0.999993, 9.21729e-06, -0.000180625, -9.88454e-06, 1, 1.1738, 334.149, -0.00308267)
bones/23/enabled = true
bones/23/position = Vector3(1.1738, 334.149, -0.00308267)
bones/23/rotation = Quaternion(-4.77547e-06, 9.03215e-05, -0.00184687, 0.999998)
bones/23/scale = Vector3(1, 1, 1)
bones/24/name = "LeftHandMiddle3"
bones/24/parent = 23
bones/24/rest = Transform3D(0.999994, 0.00357995, -0.000209386, -0.00357996, 0.999994, -7.6643e-06, 0.000209357, 8.41384e-06, 1, -0.0598421, 330.602, 0.00298473)
bones/24/enabled = true
bones/24/position = Vector3(-0.0598421, 330.602, 0.00298473)
bones/24/rotation = Quaternion(4.01954e-06, -0.000104686, -0.00178998, 0.999998)
bones/24/scale = Vector3(1, 1, 1)
bones/25/name = "LeftHandMiddle4"
bones/25/parent = 24
bones/25/rest = Transform3D(1, -5.18142e-10, -9.64608e-10, 5.18142e-10, 1, -9.09495e-13, 9.64608e-10, 9.09494e-13, 1, -1.11384, 296.24, 0.00198606)
bones/25/enabled = true
bones/25/position = Vector3(-1.11384, 296.24, 0.00198606)
bones/25/rotation = Quaternion(4.54747e-13, -4.82304e-10, 2.59071e-10, 1)
bones/25/scale = Vector3(1, 1, 1)
bones/26/name = "LeftHandMiddle4_end"
bones/26/parent = 25
bones/26/rest = Transform3D(1, -4.12294e-07, 1.48404e-06, 4.12294e-07, 1, 2.47845e-09, -1.48404e-06, -2.47784e-09, 1, -0.000102996, 296.242, 0.00100914)
bones/26/enabled = true
bones/26/position = Vector3(-0.000102996, 296.242, 0.00100914)
bones/26/rotation = Quaternion(-1.23907e-09, 7.42018e-07, 2.06147e-07, 1)
bones/26/scale = Vector3(1, 1, 1)
bones/27/name = "LeftHandRing1"
bones/27/parent = 11
bones/27/rest = Transform3D(0.99826, -0.0589698, 0.000708049, 0.0589707, 0.998259, -0.00132659, -0.000628588, 0.00136604, 0.999999, 115.982, 1192.2, -21.3811)
bones/27/enabled = true
bones/27/position = Vector3(115.982, 1192.2, -21.3811)
bones/27/rotation = Quaternion(0.000673451, 0.000334305, 0.0294979, 0.999565)
bones/27/scale = Vector3(1, 1, 1)
bones/28/name = "LeftHandRing2"
bones/28/parent = 27
bones/28/rest = Transform3D(0.999996, 0.00286365, -6.06476e-05, -0.00286365, 0.999996, -6.52218e-06, 6.06287e-05, 6.69583e-06, 1, 0.225736, 308.53, -0.000263097)
bones/28/enabled = true
bones/28/position = Vector3(0.225736, 308.53, -0.000263097)
bones/28/rotation = Quaternion(3.3045e-06, -3.03191e-05, -0.00143183, 0.999999)
bones/28/scale = Vector3(1, 1, 1)
bones/29/name = "LeftHandRing3"
bones/29/parent = 28
bones/29/rest = Transform3D(0.999993, -0.0037396, 3.21121e-05, 0.0037396, 0.999993, 4.1601e-06, -3.21275e-05, -4.03999e-06, 1, -0.623468, 292.403, -0.0012982)
bones/29/enabled = true
bones/29/position = Vector3(-0.623468, 292.403, -0.0012982)
bones/29/rotation = Quaternion(-2.05003e-06, 1.60599e-05, 0.0018698, 0.999998)
bones/29/scale = Vector3(1, 1, 1)
bones/30/name = "LeftHandRing4"
bones/30/parent = 29
bones/30/rest = Transform3D(1, -2.65549e-07, 9.80235e-07, 2.65549e-07, 1, 1.94747e-09, -9.80235e-07, -1.94721e-09, 1, 0.397439, 247.121, 0.000810191)
bones/30/enabled = true
bones/30/position = Vector3(0.397439, 247.121, 0.000810191)
bones/30/rotation = Quaternion(-9.73671e-10, 4.90117e-07, 1.32774e-07, 1)
bones/30/scale = Vector3(1, 1, 1)
bones/31/name = "LeftHandRing4_end"
bones/31/parent = 30
bones/31/rest = Transform3D(1, -1.80407e-11, -7.15708e-07, 1.80407e-11, 1, 1.59161e-12, 7.15708e-07, -1.59162e-12, 1, 4.00543e-05, 247.123, -0.000332618)
bones/31/enabled = true
bones/31/position = Vector3(4.00543e-05, 247.123, -0.000332618)
bones/31/rotation = Quaternion(-7.95808e-13, -3.57854e-07, 9.02034e-12, 1)
bones/31/scale = Vector3(1, 1, 1)
bones/32/name = "LeftHandPinky1"
bones/32/parent = 11
bones/32/rest = Transform3D(0.998012, -0.0629363, 0.00319727, 0.0629404, 0.998017, -0.00118249, -0.00311651, 0.00138137, 0.999994, 294.378, 1120.99, 30.2061)
bones/32/enabled = true
bones/32/position = Vector3(294.378, 1120.99, 30.2061)
bones/32/rotation = Quaternion(0.000641283, 0.00157923, 0.0314848, 0.999503)
bones/32/scale = Vector3(1, 1, 1)
bones/33/name = "LeftHandPinky2"
bones/33/parent = 32
bones/33/rest = Transform3D(0.999974, 0.00720025, 0.00020952, -0.00720025, 0.999974, -3.91341e-06, -0.000209542, 2.40472e-06, 1, 1.34774, 286.372, -0.00112683)
bones/33/enabled = true
bones/33/position = Vector3(1.34774, 286.372, -0.00112683)
bones/33/rotation = Quaternion(1.57954e-06, 0.000104766, -0.00360015, 0.999994)
bones/33/scale = Vector3(1, 1, 1)
bones/34/name = "LeftHandPinky3"
bones/34/parent = 33
bones/34/rest = Transform3D(1, 0.000430485, -7.82886e-06, -0.000430485, 1, 1.88897e-06, 7.82968e-06, -1.8856e-06, 1, -0.654235, 262.347, 0.000284909)
bones/34/enabled = true
bones/34/position = Vector3(-0.654235, 262.347, 0.000284909)
bones/34/rotation = Quaternion(-9.43642e-07, -3.91464e-06, -0.000215243, 1)
bones/34/scale = Vector3(1, 1, 1)
bones/35/name = "LeftHandPinky4"
bones/35/parent = 34
bones/35/rest = Transform3D(1, 2.35571e-08, -1.21541e-06, -2.35571e-08, 1, -1.40827e-11, 1.21541e-06, 1.41114e-11, 1, -0.693085, 236.964, -0.00166501)
bones/35/enabled = true
bones/35/position = Vector3(-0.693085, 236.964, -0.00166501)
bones/35/rotation = Quaternion(7.04852e-12, -6.07704e-07, -1.17785e-08, 1)
bones/35/scale = Vector3(1, 1, 1)
bones/36/name = "LeftHandPinky4_end"
bones/36/parent = 35
bones/36/rest = Transform3D(1, -4.43308e-10, 1.83621e-09, 4.43308e-10, 1, 3.29692e-12, -1.83621e-09, -3.29692e-12, 1, 0.000101089, 236.967, -0.000857355)
bones/36/enabled = true
bones/36/position = Vector3(0.000101089, 236.967, -0.000857355)
bones/36/rotation = Quaternion(-1.64846e-12, 9.18105e-10, 2.21654e-10, 1)
bones/36/scale = Vector3(1, 1, 1)
bones/37/name = "RightShoulder"
bones/37/parent = 3
bones/37/rest = Transform3D(0.000184059, -0.979395, 0.201954, 0.00483793, -0.201951, -0.979384, 0.999988, 0.00115737, 0.00470102, -605.562, 1395.58, -18.111)
bones/37/enabled = true
bones/37/position = Vector3(-605.562, 1395.58, -18.111)
bones/37/rotation = Quaternion(0.547137, -0.445299, 0.549197, 0.448033)
bones/37/scale = Vector3(1, 1, 1)
bones/38/name = "RightArm"
bones/38/parent = 37
bones/38/rest = Transform3D(0.984818, -0.000184374, -0.173589, 0.035241, 0.979388, 0.198892, 0.169975, -0.20199, 0.964525, 0.000209423, 1309.49, 0.00065222)
bones/38/enabled = true
bones/38/position = Vector3(0.000209423, 1309.49, 0.00065222)
bones/38/rotation = Quaternion(-0.101125, -0.0866665, 0.00893632, 0.991051)
bones/38/scale = Vector3(1, 1, 1)
bones/39/name = "RightForeArm"
bones/39/parent = 38
bones/39/rest = Transform3D(0.999995, 1.61779e-07, 0.003283, -1.61502e-07, 1, -8.48385e-08, -0.003283, 8.43078e-08, 0.999995, -3.76068e-06, 2641.18, 0.0010864)
bones/39/enabled = true
bones/39/position = Vector3(-3.76068e-06, 2641.18, 0.0010864)
bones/39/rotation = Quaternion(4.22866e-08, 0.0016415, -8.08203e-08, 0.999999)
bones/39/scale = Vector3(1, 1, 1)
bones/40/name = "RightHand"
bones/40/parent = 39
bones/40/rest = Transform3D(0.995371, -0.0764106, 0.0582913, 0.0776234, 0.996805, -0.0188309, -0.0566662, 0.0232685, 0.998122, 8.36666e-05, 2702.44, -0.000773073)
bones/40/enabled = true
bones/40/position = Vector3(8.36666e-05, 2702.44, -0.000773073)
bones/40/rotation = Quaternion(0.0105376, 0.0287743, 0.0385553, 0.998787)
bones/40/scale = Vector3(1, 1, 1)
bones/41/name = "RightHandThumb1"
bones/41/parent = 40
bones/41/rest = Transform3D(0.877951, 0.423422, -0.223419, -0.478444, 0.792704, -0.377772, 0.0171483, 0.438559, 0.898539, 254.937, 356.588, 179.761)
bones/41/enabled = true
bones/41/position = Vector3(254.937, 356.588, 179.761)
bones/41/rotation = Quaternion(0.216048, -0.0636681, -0.238686, 0.944616)
bones/41/scale = Vector3(1, 1, 1)
bones/42/name = "RightHandThumb2"
bones/42/parent = 41
bones/42/rest = Transform3D(0.999871, 0.0124797, 0.0100893, -0.0124711, 0.999922, -0.000914156, -0.0100999, 0.000788213, 0.999949, 34.1592, 377.476, 0.000617071)
bones/42/enabled = true
bones/42/position = Vector3(34.1592, 377.476, 0.000617071)
bones/42/rotation = Quaternion(0.000425606, 0.00504747, -0.00623791, 0.999968)
bones/42/scale = Vector3(1, 1, 1)
bones/43/name = "RightHandThumb3"
bones/43/parent = 42
bones/43/rest = Transform3D(0.962904, 0.269832, 0.00284389, -0.269832, 0.962908, -0.000214884, -0.00279638, -0.00056046, 0.999996, 29.423, 377.569, 1.36764e-05)
bones/43/enabled = true
bones/43/position = Vector3(29.423, 377.569, 1.36764e-05)
bones/43/rotation = Quaternion(-8.72066e-05, 0.00142333, -0.136185, 0.990682)
bones/43/scale = Vector3(1, 1, 1)
bones/44/name = "RightHandThumb4"
bones/44/parent = 43
bones/44/rest = Transform3D(1, 1.80677e-06, 4.32133e-07, -1.80677e-06, 1, -4.09782e-07, -4.32134e-07, 4.09782e-07, 1, -63.5838, 321.168, 0.00359345)
bones/44/enabled = true
bones/44/position = Vector3(-63.5838, 321.168, 0.00359345)
bones/44/rotation = Quaternion(2.04891e-07, 2.16067e-07, -9.03383e-07, 1)
bones/44/scale = Vector3(1, 1, 1)
bones/45/name = "RightHandThumb4_end"
bones/45/parent = 44
bones/45/rest = Transform3D(1, -3.53903e-08, -5.96046e-08, 3.53903e-08, 1, 6.70552e-08, 5.96046e-08, -6.70552e-08, 1, -0.000274658, 327.4, -0.000244141)
bones/45/enabled = true
bones/45/position = Vector3(-0.000274658, 327.4, -0.000244141)
bones/45/rotation = Quaternion(-3.35276e-08, -2.98023e-08, 1.76951e-08, 1)
bones/45/scale = Vector3(1, 1, 1)
bones/46/name = "RightHandIndex1"
bones/46/parent = 40
bones/46/rest = Transform3D(0.99565, 0.0929912, -0.00578853, -0.0928639, 0.995491, 0.0193368, 0.00756058, -0.0187152, 0.999796, 330.112, 1119.24, -5.33531)
bones/46/enabled = true
bones/46/position = Vector3(330.112, 1119.24, -5.33531)
bones/46/rotation = Quaternion(-0.00952379, -0.00334107, -0.0465165, 0.998867)
bones/46/scale = Vector3(1, 1, 1)
bones/47/name = "RightHandIndex2"
bones/47/parent = 46
bones/47/rest = Transform3D(0.999755, -0.0220992, -0.00127738, 0.0220991, 0.999756, -1.69516e-05, 0.00127744, -1.12815e-05, 0.999999, -4.29978, 278.744, -0.000578452)
bones/47/enabled = true
bones/47/position = Vector3(-4.29978, 278.744, -0.000578452)
bones/47/rotation = Quaternion(1.41761e-06, -0.000638744, 0.0110503, 0.999939)
bones/47/scale = Vector3(1, 1, 1)
bones/48/name = "RightHandIndex3"
bones/48/parent = 47
bones/48/rest = Transform3D(0.999988, -0.00480407, 0.000580946, 0.00480408, 0.999988, -5.21084e-06, -0.000580914, 8.00168e-06, 1, 1.72168, 257.817, -0.0005157)
bones/48/enabled = true
bones/48/position = Vector3(1.72168, 257.817, -0.0005157)
bones/48/rotation = Quaternion(3.30314e-06, 0.000290466, 0.00240204, 0.999997)
bones/48/scale = Vector3(1, 1, 1)
bones/49/name = "RightHandIndex4"
bones/49/parent = 48
bones/49/rest = Transform3D(1, -2.22121e-07, 1.41621e-06, 2.22121e-07, 1, 1.20615e-09, -1.41621e-06, -1.20583e-09, 1, 2.57771, 224.503, -0.0011453)
bones/49/enabled = true
bones/49/position = Vector3(2.57771, 224.503, -0.0011453)
bones/49/rotation = Quaternion(-6.02995e-10, 7.08104e-07, 1.11061e-07, 1)
bones/49/scale = Vector3(1, 1, 1)
bones/50/name = "RightHandIndex4_end"
bones/50/parent = 49
bones/50/rest = Transform3D(1, -1.36916e-07, 4.94603e-07, 1.36916e-07, 1, 6.78517e-10, -4.94603e-07, -6.78449e-10, 1, 5.34058e-05, 224.519, -0.00038448)
bones/50/enabled = true
bones/50/position = Vector3(5.34058e-05, 224.519, -0.00038448)
bones/50/rotation = Quaternion(-3.39242e-10, 2.47301e-07, 6.84578e-08, 1)
bones/50/scale = Vector3(1, 1, 1)
bones/51/name = "RightHandMiddle1"
bones/51/parent = 40
bones/51/rest = Transform3D(0.995636, 0.0933225, 0.00102895, -0.0933253, 0.995458, 0.0188071, 0.000730855, -0.0188211, 0.999823, 88.9224, 1141.9, -21.5733)
bones/51/enabled = true
bones/51/position = Vector3(88.9224, 1141.9, -21.5733)
